1 0 0 0.7261  -0.03124  0.001177  -1.349e-05  -5.512e-08
1 0 1 0.4151  0.006921  -0.0003291  4.897e-06  -2.42e-08
1 0 2 0.469  -0.00151  4.307e-06  -4.697e-09
1 0 3 0.5264  -0.001902  4.613e-06  -3.808e-09
1 0 4 0.2648  -1.942e-05
1 0 5 0.2413  -3.638e-07
1 0 L 28.  60.  190.  435.  1330.
1 1 0 0.6129  -0.00765  -0.0008141  5.724e-05  -9.377e-07
1 1 1 0.4033  0.00678  -0.000312  4.534e-06  -2.197e-08
1 1 2 0.4603  -0.001526  4.85e-06  -6.446e-09
1 1 3 0.4849  -0.001505  3.307e-06  -2.461e-09
1 1 4 0.261  -2.086e-05
1 1 5 0.2354  0.
1 1 L 23.  68.  190.  410.  1320.
1 2 0 0.4908  0.01378  -0.002152  9.244e-05  -1.27e-06
1 2 1 0.3983  0.00721  -0.000334  4.999e-06  -2.52e-08
1 2 2 0.4746  -0.001923  8.029e-06  -1.411e-08
1 2 3 0.4848  -0.001503  3.339e-06  -2.518e-09
1 2 4 0.264  -2.491e-05
1 2 5 0.2545  -1.539e-05
1 2 L 23.  68.  190.  515.  1240.
1 3 0 0.4595  0.01439  -0.001756  6.716e-05  -8.552e-07
1 3 1 0.3636  0.01037  -0.0004347  6.349e-06  -3.167e-08
1 3 2 0.4698  -0.001775  6.638e-06  -1.061e-08
1 3 3 0.4854  -0.001519  3.321e-06  -2.483e-09
1 3 4 0.2568  -2.584e-05
1 3 5 0.2282  -2.334e-06
1 3 L 23.  68.  190.  425.  1250.
1 4 0 0.4404  0.01173  -0.001344  4.862e-05  -5.896e-07
1 4 1 0.3483  0.01019  -0.000416  5.989e-06  -2.946e-08
1 4 2 0.4545  -0.0016  5.716e-06  -8.879e-09
1 4 3 0.4794  -0.001485  3.206e-06  -2.369e-09
1 4 4 0.2531  -2.403e-05
1 4 5 0.2376  -9.953e-06
1 4 L 23.  68.  190.  515.  1200.
1 5 0 0.4552  0.00774  -0.0007652  2.166e-05  -2.04e-07
1 5 1 0.4447  0.001959  -0.0001573  2.587e-06  -1.341e-08
1 5 2 0.4364  -0.0009454  9.873e-07  1.515e-09
1 5 3 0.4726  -0.00135  2.811e-06  -2.047e-09
1 5 4 0.2569  -2.931e-05
1 5 5 0.2345  -8.457e-06
1 5 L 23.  68.  190.  515.  1150.
2 0 0 0.3148  -0.03012  0.001738  -4.53e-05  4.414e-07
2 0 1 0.1315  -0.00103  1.192e-05  -6.723e-08  3.843e-10
2 0 2 0.1108  -5.343e-05  -1.06e-06  3.75e-09
2 0 3 0.1045  -0.0001121  1.443e-07  -7.224e-11
2 0 4 0.07919  -1.252e-05
2 0 5 0.06529  -3.825e-06
2 0 L 23.  65.  190.  850.  1640.
2 1 0 0.313  -0.02747  0.001404  -3.232e-05  2.748e-07
2 1 1 0.1519 -0.003287  7.798e-05  -9.27e-07  4.455e-09
2 1 2 0.1079  -0.0002475  2.859e-07  7.703e-10
2 1 3 0.09147  -0.0001035  1.268e-07  -5.747e-11
2 1 4 0.06536  -8.462e-06
2 1 5 0.05337  0.
2 1 L 27.  68.  190.  1050.  1550.
2 2 0 0.2886  -0.01573  0.0003735  3.986e-06  -1.723e-07
2 2 1 0.1724  -0.003205  6.239e-05  -5.989e-07  2.346e-09
2 2 2 0.1302  -0.0004984  2.021e-06  -3.34e-09
2 2 3 0.104  -0.0001241  1.579e-07  -7.438e-11
2 2 4 0.07527  -1.186e-05
2 2 5 0.05917  0.
2 2 L 23.  68.  190.  1000.  1380.
2 3 0 0.2922  -0.009065 -0.0002295  2.453e-05 -4.171e-07
2 3 1 0.2008 -0.003443  5.083e-05  -3.064e-07  4.728e-10
2 3 2 0.1533  -0.0007735  3.571e-06  -6.432e-09
2 3 3 0.111  -0.000138  1.746e-07  -8.205e-11
2 3 4 0.07719  -1.123e-05
2 3 5 0.0637  -1.798e-06
2 3 L 24.  68.  220.  975.  1450.
2 4 0 0.3104  -0.01182  0.0001538  4.599e-06  -9.634e-08
2 4 1 0.2105  -0.003244  2.824e-05  1.422e-07  -2.243e-09
2 4 2 0.1587  -0.0008399  3.787e-06  -6.468e-09
2 4 3 0.1107  -0.0001325  1.632e-07  -7.479e-11
2 4 4 0.07933  -1.265e-05
2 4 5 0.06511  -2.133e-06
2 4 L 20.  68.  215.  1000.  1350.
2 5 0 0.3477  -0.002766  -0.0003802  1.631e-05  -1.871e-07
2 5 1 0.3404  -0.006505  8.54e-05  -4.002e-07  -4.685e-11
2 5 2 0.2295  -0.001221  4.778e-06  -7.352e-09
2 5 3 0.1589  -0.0002629  3.0e-07  -1.249e-10
2 5 4 0.08305  -1.098e-05
2 5 5 0.07318  -3.478e-06
2 5 L 23.  68.  190.  970.  1300.
3 0 0 0.158  -0.01651  0.0009571  -2.583e-05  2.629e-07
3 0 1 0.0664  -0.001408  2.026e-05  -9.511e-08  -1.235e-11
3 0 2 0.03989  -8.034e-05  -1.448e-07  1.205e-09
3 0 3 0.03055  -1.585e-05  7.227e-09 0.0
3 0 4 0.02444  -2.433e-06
3 0 5 0.0243  -2.282e-06
3 0 L 23.  68.  190.  880.  1500.
3 1 0 0.1654  -0.01691  0.0009276 -2.403e-05  2.368e-07
3 1 1 0.07517  -0.002402  5.164e-05  -5.637e-07  2.601e-09
3 1 2 0.03484  -0.0001004  -1.08e-07  1.339e-09
3 1 3 0.02256  -7.084e-06  8.055e-10  1.608e-12
3 1 4 0.01989  -1.917e-06
3 1 5 0.01804  0.
3 1 L 23.  60.  190.  850.  970.
3 2 0 0.1692  -0.01211  0.0004151 -4.673e-06  -9.917e-09
3 2 1 0.09808  -0.00334  7.183e-05  -7.694e-07  3.359e-09
3 2 2 0.04349  -0.0001779  3.677e-07  2.398e-10
3 2 3 0.0271  -1.299e-05  5.891e-09 0.0
3 2 4 0.02095  -9.13e-07
3 2 5 0.0234  -2.563e-06
3 2 L 22.  68.  190.  955.  1550.
3 3 0 0.189  -0.008964  -1.31e-06  1.147e-05  -2.162e-07
3 3 1 0.1229  -0.004001  7.607e-05  -6.99e-07  2.603e-09
3 3 2 0.05612  -0.0003412  1.296e-06  -1.627e-09
3 3 3 0.0305  -2.055e-05  1.099e-08 0.0
3 3 4 0.02398  -3.276e-06
3 3 5 0.02178  -1.19e-06
3 3 L 30.  70.  190.  975.  1300.
3 4 0 0.2115  -0.01203  0.0003039  -1.979e-06  -1.554e-08
3 4 1 0.1352  -0.004278  7.07e-05  -4.804e-07  9.36e-10
3 4 2 0.06245  -0.0004413  1.873e-06  -2.76e-09
3 4 3 0.03237  -3.191e-05  3.321e-08  -1.301e-11
3 4 4 0.02353  -2.846e-06
3 4 5 0.02226  -1.488e-06
3 4 L 33.  68.  190.  1025.  1450.
3 5 0 0.2486  -0.006409  -0.0001518  1.08e-05  -1.383e-07
3 5 1 0.2269  -0.007492  0.0001426  -1.283e-06  4.437e-09
3 5 2 0.09919  -0.0005777  2.013e-06  -2.61e-09
3 5 3 0.06175  -0.0001129  1.167e-07  -4.246e-11
3 5 4 0.02788  -4.659e-06
3 5 5 0.02325  -1.051e-06
3 5 L 19.  68.  190.  905.  1450.
