      1   54    1         HB    
      2   54    1         HB    
      3   54    1         HB    
      4   54    1         HB    
      5   54    1         HB    
      6   54    1         HB    
      7   54    1         HB    
      8   54    1         HB    
      9   54    1         HB    
     10   54    1         HB    
     11   54    1         HB    
     12   54    1         HB    
     13   54    1         HB    
     14   54    1         HB    
     15   54    1         HB    
     15   54    2         HB    
     16   54    1         HB    
     16   54    2         HB    
      1   51    1         HB   
      2   51    1         HB   
      3   51    1         HB   
      4   51    1         HB   
      5   51    1         HB   
      6   51    1         HB   
      7   51    1         HB   
      8   51    1         HB   
      9   51    1         HB   
     10   51    1         HB   
     11   51    1         HB   
     12   51    1         HB   
     13   51    1         HB   
     14   51    1         HB   
     15   51    1         HB   
     15   51    2         HB   
     16   51    1         HB   
     16   51    2         HB   
      1   52    1         HB   
      2   52    1         HB   
      3   52    1         HB   
      4   52    1         HB   
      5   52    1         HB   
      6   52    1         HB   
      7   52    1         HB   
      8   52    1         HB   
      9   52    1         HB   
     10   52    1         HB   
     11   52    1         HB   
     12   52    1         HB   
     13   52    1         HB   
     14   52    1         HB   
     15   52    1         HB   
     15   52    2         HB   
     16   52    1         HB   
     16   52    2         HB   
    -16   55    3         HE   
    -17   55    1         HE   
    -18   55    1         HE   
    -18   55    2         HE   
    -19   55    1         HE   
    -19   55    2         HE   
    -20   55    1         HE   
    -20   55    2         HE   
    -21   55    1         HE   
    -21   55    2         HE   
    -22   55    1         HE   
    -22   55    2         HE   
    -23   55    1         HE   
    -23   55    2         HE   
    -24   55    1         HE   
    -24   55    2         HE   
    -25   55    1         HE   
    -25   55    2         HE   
    -26   55    1         HE   
    -26   55    2         HE   
    -27   55    1         HE   
    -27   55    2         HE   
    -27   55    3         HE   
    -28   55    1         HE   
    -28   55    2         HE   
    -28   55    3         HE   
    -29   55    1         HE   
    -29   55    2         HE   
    -16   56    3         HE   
    -17   56    1         HE   
    -18   56    1         HE   
    -18   56    2         HE   
    -19   56    1         HE   
    -19   56    2         HE   
    -20   56    1         HE   
    -20   56    2         HE   
    -16   57    3         HE
    -17   57    3         HE
    -18   57    3         HE
    -19   57    3         HE
    -20   57    3         HE
    -16   57    3         HE
    -17   57    3         HE
    -18   57    3         HE
    -19   57    3         HE
    -20   57    3         HE    
    -20   58    2         HE
